Python 3.5.1 (v3.5.1:37a07cee5969, Dec  6 2015, 01:54:25) [MSC v.1900 64 bit (AMD64)] on win32
Type "copyright", "credits" or "license()" for more information.
>>> 
========= RESTART: C:\Users\F-NET-ADMIN\Desktop\MaxKachelProblem.py =========
3 4
6 22
9 107
12 505
15 2300
18 8090
21 18329
24 32435
27 55248
30 92040
33 132544
36 160124
39 183401
42 202851
45 216168
48 222651
51 229926
54 234244
57 231253
60 227231
63 231445
66 234965
69 231445
72 227242
75 231445
78 234965
81 231445
84 227242
87 231445
90 234965
93 231445
96 227242
99 231445
102 234965
105 231445
108 227242
111 231445
114 234965
117 231445
120 227242
123 231445
126 234965
129 231445
132 227242
135 231445
138 234965
141 231445
144 227242
147 231445
150 234965
153 231445
156 227242

 1679378707647721857218932 ways to fill 

stopped on place 156
time: 862.787402s
1679378707647721857218932 

111111111111
111111111111
111111111111
111111111111
111111111111
111111111111
111111111111
111111111111
111111111111
111111111111
111111111111
111111111111
111111111111
keep pressing ENTER for more debug info
